1080 720
0 0 720 1080
20
40
459.0 513.0
440.0 519.0
411.0 525.0
377.0 531.0
340.0 534.0
304.0 536.0
269.0 535.0
239.0 528.0
212.0 519.0
195.0 508.0
183.0 493.0
177.0 476.0
172.0 455.0
176.0 426.0
190.0 395.0
213.0 364.0
247.0 332.0
293.0 301.99999999999994
343.0 278.0
402.0 264.0
461.0 255.99999999999994
515.0 252.0
567.0 250.0
611.0 251.0
642.0 254.0
663.0 259.00000000000006
674.0 263.0
680.0 265.0
682.0 266.0
683.0 269.0
683.0 270.0
683.0 271.0
682.0 273.0
681.0 273.0
680.0 274.0
678.0 274.0
677.0 274.0
675.0 274.0
674.0 274.0
673.0 274.0
72
527.0 361.0
513.0 361.0
502.0 361.0
493.0 361.0
486.0 361.0
483.0 361.0
482.0 361.0
481.0 362.0
485.0 363.0
497.0 364.0
520.0 367.0
557.0 372.0
601.0 376.0
648.0 380.0
690.0 383.0
728.0 385.0
761.0 385.0
785.0 385.0
803.0 385.0
819.0 381.0
834.0 373.0
847.0 365.0
865.0 349.00000000000006
881.0 331.0
899.0 308.0
918.0 278.99999999999994
936.0 249.0
952.0 222.0
967.0 198.0
976.0 178.0
982.0 163.0
984.0 150.0
985.0000000000001 139.0
985.0000000000001 131.0
982.0 124.0
977.0 119.0
969.0 116.0
955.0 112.0
936.0 109.0
908.0 107.0
867.0 105.0
826.0 103.0
788.0 103.0
744.0 103.0
704.0 103.0
666.0 103.0
630.0 103.0
595.0 103.0
564.0 106.0
533.0 111.0
501.0 117.0
471.0 126.0
446.0 133.0
419.0 141.0
391.0 151.0
366.0 161.0
339.0 169.0
319.0 174.0
303.0 178.0
291.0 181.0
282.0 182.0
276.0 182.0
272.0 182.0
270.0 182.0
269.0 182.0
268.0 182.0
268.0 181.0
268.0 180.0
268.0 179.0
268.0 178.0
268.0 177.0
268.0 176.0
87
148.0 221.0
147.0 222.0
143.0 228.0
139.0 239.00000000000006
134.0 257.99999999999994
127.0 293.0
120.0 332.0
110.0 386.0
102.0 441.0
94.0 502.0
86.0 563.0
77.99999999999999 616.0
72.0 668.0
66.0 715.0
357.0 720.0
516.0 718.0
567.0 708.0
610.0 697.0
648.0 688.0
680.0 680.0
704.0 674.0
724.0 667.0
738.0 662.0
747.9999999999999 657.0
755.0 652.0
760.0 648.0
764.0 645.0
766.0 641.0
769.0 638.0
771.0 635.0
772.0 631.0
773.0 629.0
774.0 627.0
774.0 626.0
774.0 623.0
774.0 622.0
774.0 620.0
774.0 618.0
774.0 617.0
774.0 615.0
773.0 614.0
772.0 612.0
772.0 611.0
771.0 611.0
769.9999999999999 609.0
769.9999999999999 608.0
769.9999999999999 607.0
769.9999999999999 606.0
769.0 605.0
769.0 604.0
769.0 601.0
769.0 597.0
769.0 593.0
769.0 587.0
769.0 581.0
771.0 574.0
774.0 567.0
780.0 560.0
785.0 554.0
792.0 547.0
801.0 543.0
810.0 540.0
822.0 538.0
834.0 537.0
846.0 537.0
858.0 537.0
870.0 538.0
880.0 540.0
887.0 543.0
890.0 545.0
893.0 545.0
893.9999999999999 546.0
895.0 548.0
895.0 549.0
893.9999999999999 549.0
893.0 550.0
892.0 550.0
890.0 550.0
888.0 550.0
887.0 550.0
885.0 550.0
882.9999999999999 550.0
881.0 550.0
880.0 550.0
879.0 550.0
878.0 549.0
878.0 548.0
19
533.0 630.0
531.0 625.0
529.0 617.0
527.0 606.0
525.0 591.0
522.0 573.0
520.0 555.0
515.0 534.0
514.0 514.0
514.0 495.0
514.0 478.0
514.0 464.0
514.0 453.0
516.0 445.0
519.0 441.0
521.0 440.0
524.0 439.0
529.0 440.0
533.0 443.0
18
643.0 625.0
643.0 618.0
641.0 609.0
640.0 597.0
640.0 581.0
640.0 559.0
640.0 534.0
640.0 512.0
640.0 490.0
640.0 477.0
642.0 466.0
646.0 457.0
649.0 451.0
651.0 447.0
653.0 445.0
653.0 444.0
654.0 444.0
654.0 443.0
25
426.0 589.0
430.0 588.0
437.0 585.0
448.0 582.0
462.0 577.0
486.0 572.0
514.0 568.0
549.0 563.0
587.0 559.0
623.9999999999999 556.0
659.0 554.0
698.0 552.0
729.0 549.0
757.0 547.0
779.0 546.0
797.0 545.0
807.0 543.0
814.0 542.0
817.0 541.0
819.0 541.0
820.0 541.0
819.0 541.0
815.0 541.0
808.0 541.0
799.0 541.0
20
480.0 500.0
485.0 499.0
495.0 497.0
507.0 494.0
522.0 492.0
548.0 489.0
581.0 487.0
617.0 486.0
660.0 484.0
704.0 484.0
745.0 482.0
784.0 479.0
812.0 477.0
832.0 474.0
845.0 472.0
856.0 470.0
862.0 468.0
864.0 467.0
866.0 467.0
867.0 467.0
14
485.0 640.0
488.0 636.0
493.0 630.0
499.0 624.0
507.0 617.0
516.0 610.0
523.0 603.0
530.0 598.0
538.0 593.0
543.0 589.0
546.0 586.0
548.0 585.0
550.0 583.0
551.0 583.0
21
524.0 641.0
522.0 637.0
519.0 634.0
515.0 629.0
510.0 623.0
505.0 618.0
501.0 613.0
498.00000000000006 610.0
496.0 606.0
494.0 604.0
493.0 603.0
492.0 601.0
492.0 600.0
491.0 600.0
491.0 599.0
490.0 598.0
490.0 597.0
489.0 597.0
488.0 596.0
487.0 595.0
487.0 594.0
58
584.0 532.0
582.0 532.0
580.0000000000001 532.0
577.0 533.0
574.0 533.0
572.0 533.0
569.0 533.0
567.0 533.0
566.0 533.0
565.0 533.0
564.0 533.0
564.0 531.0
563.0 529.0
563.0 527.0
563.0 525.0
563.0 522.0
563.0 520.0
563.0 518.0
563.0 516.0
563.0 513.0
565.0 512.0
566.0 510.0
568.0 510.0
570.0 509.0
574.0 509.0
579.0 509.0
583.0 509.0
587.0 509.0
591.0000000000001 510.0
594.0 511.0
596.0 513.0
598.0 514.0
599.0 517.0
600.0 519.0
600.0 521.0
600.0 523.0
600.0 525.0
600.0 528.0
600.0 530.0
600.0 533.0
599.0 536.0
598.0 538.0
596.0 540.0
594.0 542.0
592.0 542.0
591.0000000000001 542.0
590.0 542.0
589.0 542.0
587.0 542.0
586.0 542.0
585.0 542.0
583.0 542.0
582.0 540.0
580.0000000000001 538.0
580.0000000000001 536.0
578.0 533.0
577.0 530.0
577.0 527.0
17
667.0 610.0
669.0 608.0
673.0 604.0
675.0 601.0
679.0 597.0
684.0 593.0
689.0 589.0
695.0 585.0
702.0 580.0
709.0 576.0
716.0 573.0
723.0 571.0
729.0 569.0
734.0 567.0
736.0 566.0
737.0000000000001 566.0
738.0 566.0
21
712.0 599.0
711.0 598.0
710.0 596.0
707.0 593.0
705.0 590.0
702.0 585.0
699.0 580.0
697.0 577.0
695.0 574.0
693.0 570.0
691.0 567.0
690.0 565.0
687.0 561.0
686.0 559.0
684.0 557.0
684.0 556.0
683.0 554.0
682.0 553.0
682.0 552.0
681.0 551.0
681.0 550.0
58
584.0 610.0
581.0 610.0
579.0 610.0
577.0 610.0
574.0 609.0
572.0 608.0
572.0 606.0
571.0 604.0
571.0 601.0
571.0 598.0
571.0 595.0
571.0 592.0
571.0 589.0
571.0 586.0
573.0 584.0
575.0 582.0
579.0 580.0
583.0 578.0
588.0 576.0
593.0 576.0
598.0 575.0
603.0 574.0
609.0 574.0
614.0 574.0
617.0 574.0
620.0 574.0
621.0 574.0
623.0 574.0
623.0 575.0
623.0 577.0
623.0 579.0
623.0 581.0
623.0 584.0
623.0 586.0
623.0 590.0
623.0 593.0
622.0 597.0
619.0 600.0
617.0 603.0
612.9999999999999 605.0
610.0 608.0
607.0 609.0
604.0 611.0
601.0 611.0
599.0 611.0
597.0 611.0
595.0 611.0
593.0 611.0
592.0 611.0
590.0 611.0
589.0 610.0
587.0 608.0
586.0 607.0
585.0 605.0
583.0 603.0
582.0 602.0
580.0000000000001 600.0
579.0 599.0
15
461.0 486.0
464.0 485.0
467.0 483.0
472.0 481.0
476.0 477.0
479.0 473.0
484.0 468.0
489.0 465.0
493.0 461.0
496.0 457.0
500.0 454.0
502.0 451.0
504.0 450.0
504.0 449.0
505.0 449.0
18
480.0 487.0
479.0 487.0
477.0 486.0
476.0 483.0
473.0 480.0
471.0 477.0
468.0 472.0
465.0 468.0
464.0 464.0
462.0 461.0
461.0 458.0
461.0 457.0
461.0 456.0
460.0 454.0
460.0 453.0
460.0 452.0
460.0 451.0
460.0 450.0
54
451.0 561.0
448.0 560.0
444.0 557.0
443.0 556.0
442.0 554.0
442.0 551.0
442.0 548.0
442.0 544.0
442.0 541.0
442.0 538.0
442.0 534.0
443.0 531.0
446.0 528.0
448.0 525.0
453.0 522.0
457.0 521.0
464.0 520.0
471.0 519.0
481.0 519.0
490.0 519.0
498.00000000000006 519.0
506.0 520.0
513.0 522.0
519.0 525.0
522.0 526.0
525.0 529.0
525.0 530.0
526.0 532.0
526.0 534.0
526.0 537.0
526.0 540.0
526.0 544.0
523.0 547.0
519.0 551.0
516.0 553.0
512.0 556.0
508.0 560.0
502.0 562.0
495.0 565.0
487.0 566.0
480.0 566.0
472.0 566.0
465.0 566.0
458.0 566.0
452.0 563.0
446.0 559.0
440.0 555.0
436.00000000000006 550.0
434.0 545.0
433.0 540.0
433.0 534.0
433.0 530.0
433.0 526.0
433.0 522.0
18
682.0 483.0
683.0 481.0
685.0 479.0
688.0 476.0
691.0 472.0
696.0 468.0
702.0 464.0
708.0 460.0
714.0 456.0
721.0 452.0
727.0 449.0
732.0 446.0
737.0000000000001 443.0
739.0 442.0
741.0 440.0
743.0 440.0
743.0 439.0
744.0 439.0
17
716.0 482.0
714.0 481.0
712.0 479.0
710.0 477.0
707.0 474.0
705.0 471.0
702.0 467.0
699.0 464.0
696.0 460.0
693.0 457.0
690.0 453.0
686.0 450.0
683.0 446.0
681.0 444.0
680.0 442.0
680.0 441.0
680.0 440.0
53
666.0 519.0
665.0 519.0
664.0 519.0
663.0 519.0
662.0 518.0
662.0 516.0
662.0 514.0
662.0 512.0
662.0 509.0
662.0 506.0
663.0 503.0
665.0 499.0
669.0 497.0
673.0 495.0
680.0 494.0
688.0 494.0
734.0 494.0
742.0 494.0
750.0 497.0
755.0 499.0
760.0 502.0
762.0 503.0
763.0 506.0
764.0 508.0
764.0 510.0
763.0 513.0
762.0 515.0
758.9999999999999 518.0
757.0 520.0
755.0 522.0
751.0 525.0
747.9999999999999 526.0
746.0 527.0
743.0 528.0
740.0 528.0
736.0 528.0
732.0 528.0
729.0 528.0
725.0 528.0
720.0 528.0
716.0 528.0
713.0 528.0
711.0 527.0
709.0 525.0
706.0 523.0
705.0 521.0
704.0 519.0
702.0 517.0
701.0 515.0
700.0 513.0
700.0 511.0
700.0 509.0
700.0 508.0
27
423.0 475.0
427.0 475.0
433.0 475.0
441.0 475.0
450.0 475.0
461.0 475.0
473.0 475.0
486.0 475.0
507.0 474.0
537.0 473.0
567.0 471.0
598.0 470.0
634.0 468.0
664.0 466.0
697.0 466.0
730.0 465.0
758.0 463.0
778.0 462.0
794.0 462.0
807.0 462.0
819.0 462.0
829.0 461.0
834.0 460.0
837.0 460.0
839.0 460.0
840.0 460.0
840.0 459.0
